8 0.45089285714285715 0.2857142857142857 0.2857142857142857 0.1875
8 0.7075892857142857 0.4955357142857143 0.24553571428571427 0.17857142857142858
8 0.7098214285714286 0.6339285714285714 0.26785714285714285 0.13392857142857142
8 0.6986607142857143 0.7299107142857143 0.2544642857142857 0.12946428571428573
8 0.453125 0.4174107142857143 0.27232142857142855 0.15625
8 0.45535714285714285 0.5446428571428571 0.25892857142857145 0.13392857142857142
8 0.45982142857142855 0.6428571428571429 0.24107142857142858 0.11607142857142858
8 0.45982142857142855 0.7321428571428571 0.24107142857142858 0.10714285714285714
8 0.19419642857142858 0.5424107142857143 0.29017857142857145 0.22767857142857142
8 0.20535714285714285 0.6941964285714286 0.2857142857142857 0.11160714285714286
8 0.22321428571428573 0.7946428571428571 0.2857142857142857 0.13392857142857142
8 0.19196428571428573 0.3325892857142857 0.23214285714285715 0.15625
8 0.9129464285714286 0.3638392857142857 0.15625 0.16517857142857142