8 0.41294642857142855 0.5446428571428571 0.28125 0.24107142857142858
8 0.6808035714285714 0.5245535714285714 0.26339285714285715 0.21875
8 0.3861607142857143 0.6897321428571429 0.26339285714285715 0.16517857142857142
8 0.6428571428571429 0.32589285714285715 0.21428571428571427 0.15178571428571427
8 0.6584821428571429 0.6607142857142857 0.26339285714285715 0.15178571428571427
8 0.6517857142857143 0.7544642857142857 0.26785714285714285 0.13392857142857142
8 0.9040178571428571 0.2924107142857143 0.18303571428571427 0.20089285714285715
8 0.8995535714285714 0.5424107142857143 0.20089285714285715 0.14732142857142858
8 0.8816964285714286 0.7321428571428571 0.23660714285714285 0.14285714285714285
8 0.8883928571428571 0.43526785714285715 0.22321428571428573 0.20089285714285715
8 0.40625 0.328125 0.24107142857142858 0.17410714285714285