11 0.8236607142857143 0.5959821428571429 0.18303571428571427 0.3705357142857143
11 0.6517857142857143 0.6004464285714286 0.17857142857142858 0.3705357142857143
11 0.47767857142857145 0.5959821428571429 0.19642857142857142 0.3705357142857143
11 0.2924107142857143 0.5959821428571429 0.20089285714285715 0.3705357142857143
11 0.10267857142857142 0.5915178571428571 0.19642857142857142 0.3705357142857143
11 0.8258928571428571 0.31919642857142855 0.17857142857142858 0.19196428571428573
11 0.6473214285714286 0.31919642857142855 0.17857142857142858 0.20089285714285715
11 0.47544642857142855 0.31919642857142855 0.18303571428571427 0.19196428571428573
11 0.28794642857142855 0.31919642857142855 0.18303571428571427 0.19196428571428573
11 0.10714285714285714 0.3125 0.1875 0.17857142857142858
11 0.9508928571428571 0.5982142857142857 0.09821428571428571 0.36607142857142855