13 0.7209821428571429 0.4263392857142857 0.33482142857142855 0.21875
13 0.8571428571428571 0.3392857142857143 0.2857142857142857 0.21428571428571427
13 0.45982142857142855 0.6473214285714286 0.39285714285714285 0.5625
13 0.24776785714285715 0.7142857142857143 0.40625 0.5714285714285714
13 0.12276785714285714 0.7901785714285714 0.23660714285714285 0.4017857142857143
13 0.18973214285714285 0.20758928571428573 0.33482142857142855 0.14732142857142858
13 0.09821428571428571 0.09375 0.1875 0.14285714285714285
13 0.6272321428571429 0.18973214285714285 0.23660714285714285 0.3705357142857143
13 0.7522321428571429 0.203125 0.24553571428571427 0.35267857142857145
13 0.4330357142857143 0.171875 0.16071428571428573 0.33482142857142855
13 0.25892857142857145 0.14732142857142858 0.23214285714285715 0.2857142857142857