19 0.20535714285714285 0.4642857142857143 0.125 0.17857142857142858
19 0.32142857142857145 0.4732142857142857 0.09821428571428571 0.17857142857142858
19 0.4330357142857143 0.4732142857142857 0.10714285714285714 0.16964285714285715
19 0.5625 0.4732142857142857 0.08928571428571429 0.17857142857142858
19 0.6607142857142857 0.4888392857142857 0.09821428571428571 0.20089285714285715
19 0.7790178571428571 0.48660714285714285 0.11160714285714286 0.20535714285714285
19 0.21651785714285715 0.7946428571428571 0.09375 0.16964285714285715
19 0.32142857142857145 0.8147321428571429 0.09821428571428571 0.18303571428571427
19 0.5178571428571429 0.8571428571428571 0.10714285714285714 0.19642857142857142
19 0.6361607142857143 0.8638392857142857 0.10267857142857142 0.18303571428571427
19 0.19642857142857142 0.08928571428571429 0.11607142857142858 0.16964285714285715
19 0.5200892857142857 0.08258928571428571 0.13839285714285715 0.15625