19 0.43080357142857145 0.4732142857142857 0.11160714285714286 0.1875
19 0.5625 0.47098214285714285 0.08928571428571429 0.19196428571428573
19 0.6584821428571429 0.48214285714285715 0.10267857142857142 0.21428571428571427
19 0.7790178571428571 0.4888392857142857 0.11160714285714286 0.21875
19 0.3236607142857143 0.46651785714285715 0.11160714285714286 0.19196428571428573
19 0.20982142857142858 0.46651785714285715 0.11607142857142858 0.18303571428571427
19 0.5200892857142857 0.8459821428571429 0.10267857142857142 0.19196428571428573
19 0.6316964285714286 0.8638392857142857 0.10267857142857142 0.19196428571428573
19 0.32142857142857145 0.8169642857142857 0.10714285714285714 0.17857142857142858
19 0.22098214285714285 0.7991071428571429 0.10267857142857142 0.1875
19 0.203125 0.08705357142857142 0.12053571428571429 0.16517857142857142
19 0.5200892857142857 0.08258928571428571 0.12946428571428573 0.15625
19 0.65625 0.08258928571428571 0.14285714285714285 0.15625
19 0.8013392857142857 0.08035714285714286 0.13839285714285715 0.15178571428571427