21 0.4330357142857143 0.4888392857142857 0.21428571428571427 0.23660714285714285
21 0.703125 0.7611607142857143 0.24553571428571427 0.22767857142857142
21 0.42857142857142855 0.7700892857142857 0.25 0.19196428571428573
21 0.13392857142857142 0.7522321428571429 0.25 0.20982142857142858
21 0.16294642857142858 0.4732142857142857 0.2544642857142857 0.25
21 0.90625 0.49776785714285715 0.1875 0.2544642857142857
21 0.9285714285714286 0.7455357142857143 0.14285714285714285 0.23214285714285715
21 0.8705357142857143 0.24330357142857142 0.16964285714285715 0.17410714285714285
21 0.6696428571428571 0.22767857142857142 0.21428571428571427 0.20535714285714285
21 0.4419642857142857 0.22767857142857142 0.19642857142857142 0.20535714285714285
21 0.20758928571428573 0.22098214285714285 0.20982142857142858 0.19196428571428573