19 0.7723214285714286 0.32142857142857145 0.125 0.35714285714285715
19 0.6517857142857143 0.3325892857142857 0.11607142857142858 0.33482142857142855
19 0.53125 0.3392857142857143 0.125 0.33035714285714285
19 0.40625 0.32589285714285715 0.125 0.3482142857142857
19 0.29017857142857145 0.3236607142857143 0.125 0.34375
19 0.17633928571428573 0.3169642857142857 0.11160714285714286 0.35714285714285715
19 0.234375 0.6964285714285714 0.12053571428571429 0.17857142857142858
19 0.34151785714285715 0.6986607142857143 0.10267857142857142 0.18303571428571427
19 0.5133928571428571 0.7142857142857143 0.125 0.16071428571428573
19 0.6272321428571429 0.7075892857142857 0.09375 0.18303571428571427
19 0.7321428571428571 0.7120535714285714 0.09821428571428571 0.18303571428571427
19 0.8303571428571429 0.7209821428571429 0.08928571428571429 0.19196428571428573