24 0.26785714285714285 0.6629464285714286 0.25892857142857145 0.15625
24 0.4419642857142857 0.6741071428571429 0.21428571428571427 0.17857142857142858
24 0.640625 0.6808035714285714 0.19196428571428573 0.19196428571428573
24 0.84375 0.6986607142857143 0.21428571428571427 0.22767857142857142
24 0.27232142857142855 0.49107142857142855 0.25 0.15178571428571427
24 0.44419642857142855 0.4888392857142857 0.23660714285714285 0.15625
24 0.640625 0.49107142857142855 0.20089285714285715 0.16071428571428573
24 0.27455357142857145 0.3236607142857143 0.2544642857142857 0.18303571428571427
24 0.4486607142857143 0.31473214285714285 0.23660714285714285 0.17410714285714285
24 0.6428571428571429 0.3013392857142857 0.19642857142857142 0.20089285714285715
24 0.8370535714285714 0.28125 0.18303571428571427 0.24107142857142858
24 0.8504464285714286 0.49776785714285715 0.20089285714285715 0.17410714285714285